THRESHOLD_MSE=0.5288064479827881
INPUT_DIM=3
SCALER_MEANS=155.12030893543596,14.955820488224685,27.803535654520964
SCALER_SCALES=30.112751379662857,14.708442388225489,0.7032936604569686
